Epoch = 0001400, FID = 10.190544548802706, cfg_scale = 1.0
Epoch = 0001600, FID = 10.57379872912108, cfg_scale = 1.0
